POINTID;Longitud;Latitud;h_Elip;H_Orto;Huso;X-UTM;Y-UTM
ACNS;-6.352109586;41.70004772;871.2593;814.8773;29;720327.9708;4619861.823
ACOR;-8.398935409;43.36438078;66.9174;12.4902;29;548701.3416;4801455.361
ALAC;-0.481232513;38.33891766;60.3559;10.4755;30;720135.9407;4246422.301
ALBA;-1.856403942;38.97791513;751.7361;699.6852;30;599058.1528;4314947.687
ALBO;-3.034236865;35.93983997;62.2631;14.381;30;496911.9708;3977276.402
ALC1;-0.145305607;41.05789408;397.6599;347.7225;30;739887.7682;4549110.84
ALME;-2.459449667;36.85253129;127.5174;77.73;30;548188.9688;4078649.727
ALOR;4.140150238;39.93435716;189.5568;141.3921;31;597417.1551;4421093.776
ALMO;-4.180254371;38.70550989;743.3841;689.9668;30;397375.8139;4284758.535
ARDU;-3.742599548;41.66581451;844.4766;791.2603;30;438178.7353;4612939.415
BCL1;2.165676221;41.34177384;56.1212;7.1237;31;430195.4804;4577034.057
BCLN;2.004162411;41.40541592;84.8252;35.4668;31;416763.2834;4584242.103
BLGU;-0.800685217;42.9582423;1649.2571;1597.0954;30;679387.0808;4758524.517
BUIT;-3.636862773;41.00060677;1032.6876;979.3002;30;446439.2011;4539019.717
CACE;-6.341785018;39.47886068;436.5271;382.3415;29;728635.8036;4373291.872
CANT;-3.798066261;43.47197722;99.2865;49.4808;30;435450.9229;4813538.533
CARG;-0.973855118;37.59659738;57.3449;7.7254;30;678869.7558;4162988.199
CARV;-1.967681959;38.04588029;902.4513;851.1635;30;590579.4601;4211408.48
CBON;3.392271866;39.61369297;57.3674;8.6406;31;533672.1828;4384955.845
CEU1;-5.306393544;35.89196951;52.4751;10.498;30;291829.369;3974423.521
COBA;-4.721111096;37.9156045;202.0824;151.5246;30;348712.4087;4197847.777
CUEN;-2.139669589;40.07282656;998.0836;945.9204;30;573359.9476;4436194.886
EIVI;1.406870684;38.95119023;132.1655;82.8631;31;361949.6392;4312566.871
FRAG;0.324157672;41.50945853;181.8033;132.3032;31;276689.2713;4598771.559
FORM;1.428786862;38.70527742;99.628;50.8992;31;363379.5087;4285243.271
FRRL;-8.3381689;43.46143265;111.636;57.3988;29;553539.4012;4812270.888
GIRO;2.855129107;42.04158558;112.7179;63.2108;31;488009.9508;4654403.592
GUDI;-7.124978096;42.05905401;1074.6582;1017.5166;29;655144.086;4658033.857
HUEL;-6.920299209;37.19997874;81.8597;30.4751;29;684568.8666;4119082.774
IBIZ;1.448962221;38.91124531;59.8851;10.7068;31;365521.7848;4308070.914
IGNE;-3.70952312;40.44583584;766.9201;715.8069;30;439830.797;4477484.239
ISPS;-2.5536216;43.35434448;265.4869;216.6696;30;536173.816;4800262.108
JACA;-0.726527784;42.56733764;738.9401;687.72;30;686606.0893;4715275.282
LEON;-5.650975505;42.58840538;970.2537;914.6946;30;282480.0463;4718516.218
LUGO;-7.544685519;42.99307954;476.6113;420.5292;29;618634.5122;4761073.813
MAL1;2.637454673;39.56017719;53.8283;4.797;31;468855.5679;4379005.801
MALA;-4.393532844;36.72611215;119.848;71.7648;30;375562.0976;4065394.829
MALL;2.62455087;39.55262368;62.063;13.0316;31;467743.5663;4378172.043
MELI;-2.951655782;35.2811854;88.851;39.7939;30;504396.3457;3904227.252
MENC;3.831231199;40.0006145;66.6693;18.2681;31;570953.4471;4428156.273
MOFR;-5.46239345;37.12072289;276.3709;229.646;30;281234.3213;4111102.686
MOLI;-1.879291414;40.84123698;1119.4227;1066.6556;30;594479.992;4521737.42
MOTA;-2.870007889;39.50320892;779.7866;727.7625;30;511176.0813;4372628.7
PENI;0.35892295;40.39567263;108.5914;58.6068;31;275852.1931;4475023.762
PUIG;1.870494768;42.41569017;1162.3915;1109.7757;31;407067.7897;4696549.404
RIO1;-2.426081579;42.46405876;472.5027;421.5096;30;547183.7259;4701461.773
SALA;-5.495863567;40.94508118;854.9691;799.935;30;289910.4179;4535660.326
SINE;3.015345713;39.64590164;188.0843;139.0691;31;501316.6464;4388457.08
SJOR;2.998168959;39.31493851;57.5286;9.0575;31;499842.1523;4351726.596
SNTG;-8.551722843;42.8854318;312.7563;256.9711;29;536606.1733;4748189.775
SONS;-3.963969544;39.67535106;808.9676;755.8359;30;417326.7694;4392169.407
TALR;-5.235393012;39.03508089;498.9361;444.9915;30;306518.7621;4323047.289
TARI;-5.602620427;36.00850801;49.9377;8.4859;30;265432.0879;3988025.461
TERU;-1.124301028;40.35049727;956.1876;904.1661;30;659292.1443;4468348.677
TRAU;2.891611126;39.81843844;606.1218;556.8477;31;490723.4999;4407611.597
TUD1;-1.603423919;42.04862149;340.7818;290.7486;30;615574.219;4656118.128
VALA;-4.708320718;41.70250634;765.8976;712.5425;30;357861.4231;4618156.611
VALE;-0.337650951;39.48082512;77.5919;27.5725;30;728984.9814;4373520.438
VBLO;-6.325139734;42.93943376;1056.6326;999.3625;29;718243.2969;4757560.771
VDGO;-4.010538485;42.51594825;906.0943;852.4945;30;416988.6843;4707558.692
VEG1;-7.048986694;43.46662861;78.4005;24.127;29;657816.8865;4814484.045
VICA;-3.082864486;38.11763456;852.4678;801.1267;30;492736.3557;4218870.192
VIGO;-8.813071535;42.18397733;87.7904;32.5639;29;515436.3007;4670220.254
XIXO;-5.701905224;43.57011348;156.5462;103.8001;30;281815.0564;4827675.248
YEB1;-3.090197463;40.52377797;975.3671;923.4134;30;492359.9197;4485897.996
YEBE;-3.088629167;40.52489769;972.7772;920.8226;30;492492.8855;4486022.15
ZARA;-0.882164602;41.633395;296.1114;246.2428;30;676401.9945;4611240.268
ZFRA;-6.410042348;38.42601109;587.4451;532.1529;29;726087.3245;4256260.618
